<?xml version="1.0"?>
<opencv_storage>
<calibration_time>"Mon May  4 14:44:40 2020"</calibration_time>
<image_width>1280</image_width>
<image_height>960</image_height>
<flags>0</flags>
<camera_matrix type_id="opencv-matrix">
  <rows>3</rows>
  <cols>3</cols>
  <dt>d</dt>
  <data>
    2.8508500352908718e+03 0. 6.4411455611762938e+02 0.
    2.8308071921907194e+03 5.5711535319360701e+02 0. 0. 1.</data></camera_matrix>
<distortion_coefficients type_id="opencv-matrix">
  <rows>1</rows>
  <cols>5</cols>
  <dt>d</dt>
  <data>
    1.1186558893397806e-02 7.2630299693685474e-01 1.6112832619300799e-02
    -5.1809117301708041e-04 -8.0029185344673959e+00</data></distortion_coefficients>
<avg_reprojection_error>3.9713819841102477e-01</avg_reprojection_error>
</opencv_storage>
