<?xml version="1.0"?>
<opencv_storage>
<calibration_time>"Tue Apr 28 20:52:18 2020"</calibration_time>
<image_width>640</image_width>
<image_height>480</image_height>
<flags>0</flags>
<camera_matrix type_id="opencv-matrix">
  <rows>3</rows>
  <cols>3</cols>
  <dt>d</dt>
  <data>
    6.1940461374034726e+02 0. 3.2121641526948281e+02 0.
    6.1926201974007620e+02 2.3292314377775173e+02 0. 0. 1.</data></camera_matrix>
<distortion_coefficients type_id="opencv-matrix">
  <rows>1</rows>
  <cols>5</cols>
  <dt>d</dt>
  <data>
    4.7885315281895990e-02 5.6633637025670114e-01 5.7899353786649318e-04
    -5.5288380002485008e-04 -2.7448431814056344e+00</data></distortion_coefficients>
<avg_reprojection_error>1.6878247113943057e-01</avg_reprojection_error>
</opencv_storage>
