<?xml version="1.0"?>
<opencv_storage>
<calibration_time>"Tue May 26 17:53:04 2020"</calibration_time>
<image_width>1280</image_width>
<image_height>1024</image_height>
<flags>0</flags>
<camera_matrix type_id="opencv-matrix">
  <rows>3</rows>
  <cols>3</cols>
  <dt>d</dt>
  <data>
    2.1457073721874326e+03 0. 6.3609879848386947e+02 0.
    2.1441645018492241e+03 5.6624048597438639e+02 0. 0. 1.</data></camera_matrix>
<distortion_coefficients type_id="opencv-matrix">
  <rows>1</rows>
  <cols>5</cols>
  <dt>d</dt>
  <data>
    5.0717648052340933e-03 -5.9510161676720497e-01
    8.5324829774805471e-03 -4.3015572276277753e-03
    7.5277930967798854e+00</data></distortion_coefficients>
<avg_reprojection_error>2.3380369400258888e-01</avg_reprojection_error>
</opencv_storage>
