<?xml version="1.0"?>
<opencv_storage>
<calibration_time>"Mon Apr 20 11:15:06 2020"</calibration_time>
<image_width>1280</image_width>
<image_height>960</image_height>
<flags>0</flags>
<camera_matrix type_id="opencv-matrix">
  <rows>3</rows>
  <cols>3</cols>
  <dt>d</dt>
  <data>
    2.8226097619516308e+03 0. 6.5898253155778207e+02 0.
    2.8382914449949003e+03 5.5947254270330382e+02 0. 0. 1.</data></camera_matrix>
<distortion_coefficients type_id="opencv-matrix">
  <rows>1</rows>
  <cols>5</cols>
  <dt>d</dt>
  <data>
    -2.2306975338374052e-01 8.0246691014777074e+00
    4.6312180485428292e-04 -4.7564032641530244e-04
    -7.7400568617816418e+01</data></distortion_coefficients>
<avg_reprojection_error>4.6299595908618313e-01</avg_reprojection_error>
</opencv_storage>
